{
 "cells": [
  {
   "cell_type": "markdown",
   "id": "2a15d5e4",
   "metadata": {},
   "source": [
    "### Load a manipulator in MuJoCo"
   ]
  },
  {
   "cell_type": "code",
   "execution_count": 1,
   "id": "241e5fb3",
   "metadata": {},
   "outputs": [
    {
     "name": "stdout",
     "output_type": "stream",
     "text": [
      "MuJoCo version:[2.2.0]\n"
     ]
    }
   ],
   "source": [
    "import glfw,os,time,mujoco,mujoco_py\n",
    "import numpy as np\n",
    "import matplotlib.pyplot as plt\n",
    "%config InlineBackend.figure_format = 'retina'\n",
    "%matplotlib inline\n",
    "np.set_printoptions(precision=2)\n",
    "from screeninfo import get_monitors\n",
    "from pid import PID_ControllerClass\n",
    "from util import pr2T\n",
    "print (\"MuJoCo version:[%s]\"%(mujoco.__version__))"
   ]
  },
  {
   "cell_type": "markdown",
   "id": "354e3660",
   "metadata": {},
   "source": [
    "### Parse useful information"
   ]
  },
  {
   "cell_type": "code",
   "execution_count": 2,
   "id": "9ab305e5",
   "metadata": {
    "scrolled": false
   },
   "outputs": [
    {
     "name": "stdout",
     "output_type": "stream",
     "text": [
      "[/Users/sj/Dropbox/SJ/Research/Implementation/simple-mujoco-usage/code/../asset/panda/franka_panda.xml] loaded.\n",
      "dt:[0.002] HZ:[500]\n",
      "body_names:\n",
      "['world', 'panda_base', 'panda_pedestal', 'panda_link_0', 'panda_link_1', 'panda_link_2', 'panda_link_3', 'panda_link_4', 'panda_link_5', 'panda_link_6', 'panda_link_7', 'right_hand', 'panda_right_gripper', 'panda_eef', 'panda_leftfinger', 'panda_finger_joint1_tip', 'panda_rightfinger', 'panda_finger_joint2_tip']\n",
      "ee_name         :panda_eef\n",
      "\n",
      "n_joint         : [9]\n",
      "joint_names     : ['panda_joint1', 'panda_joint2', 'panda_joint3', 'panda_joint4', 'panda_joint5', 'panda_joint6', 'panda_joint7', 'panda_finger_joint1', 'panda_finger_joint2']\n",
      "joint_types     : [3 3 3 3 3 3 3 2 2]\n",
      "n_rev_joint     : [7]\n",
      "rev_joint_idxs  : [0 1 2 3 4 5 6]\n",
      "rev_joint_names : ['panda_joint1', 'panda_joint2', 'panda_joint3', 'panda_joint4', 'panda_joint5', 'panda_joint6', 'panda_joint7']\n",
      "grp_joint_idxs  : [7 8]\n",
      "grp_joint_names : ['panda_finger_joint1', 'panda_finger_joint2']\n",
      "\n",
      "joint_range:\n",
      "[[-2.9   2.9 ]\n",
      " [-1.76  1.76]\n",
      " [-2.9   2.9 ]\n",
      " [-3.07 -0.07]\n",
      " [-2.9   2.9 ]\n",
      " [-0.02  3.75]\n",
      " [-2.9   2.9 ]\n",
      " [ 0.    0.04]\n",
      " [-0.04  0.  ]]\n",
      "torque_range:\n",
      "[[-8.0e+01  8.0e+01]\n",
      " [-8.0e+01  8.0e+01]\n",
      " [-8.0e+01  8.0e+01]\n",
      " [-8.0e+01  8.0e+01]\n",
      " [-8.0e+01  8.0e+01]\n",
      " [-1.2e+01  1.2e+01]\n",
      " [-1.2e+01  1.2e+01]\n",
      " [ 0.0e+00  4.0e-02]\n",
      " [-4.0e-02  0.0e+00]]\n",
      "torque_range:\n",
      "[[-8.0e+01  8.0e+01]\n",
      " [-8.0e+01  8.0e+01]\n",
      " [-8.0e+01  8.0e+01]\n",
      " [-8.0e+01  8.0e+01]\n",
      " [-8.0e+01  8.0e+01]\n",
      " [-1.2e+01  1.2e+01]\n",
      " [-1.2e+01  1.2e+01]\n",
      " [ 0.0e+00  4.0e-02]\n",
      " [-4.0e-02  0.0e+00]]\n"
     ]
    }
   ],
   "source": [
    "# Load Panda xml\n",
    "cwd      = os.getcwd() # current folder path\n",
    "xml_path = os.path.join(cwd,'../asset/panda/franka_panda.xml')\n",
    "mj_model = mujoco_py.load_model_from_path(xml_path)\n",
    "sim      = mujoco_py.MjSim(mj_model)\n",
    "print (\"[%s] loaded.\"%(xml_path))\n",
    "# Parse information\n",
    "dt              = sim.model.opt.timestep\n",
    "HZ              = int(1/dt)\n",
    "body_names      = list(sim.model.body_names)\n",
    "ee_name         = 'panda_eef'\n",
    "n_joint         = sim.model.njnt\n",
    "joint_names     = [sim.model.joint_id2name(x) for x in range(n_joint)]\n",
    "joint_types     = sim.model.jnt_type # 0:free, 1:ball, 2:slide, 3:hinge\n",
    "rev_joint_idxs  = np.where(joint_types==3)[0].astype(np.int32) # revolute joint\n",
    "rev_joint_names = [joint_names[x] for x in rev_joint_idxs]\n",
    "rev_qvel_idxs   = [sim.model.get_joint_qvel_addr(x) for x in rev_joint_names]\n",
    "n_rev_joint     = len(rev_joint_idxs)\n",
    "grp_joint_idxs  = np.where(joint_types==2)[0].astype(np.int32) # gripper joint\n",
    "grp_joint_names = [joint_names[x] for x in grp_joint_idxs]\n",
    "joint_range     = sim.model.jnt_range\n",
    "torque_range    = sim.model.actuator_ctrlrange\n",
    "# Print-out useful information\n",
    "print (\"dt:[%.3f] HZ:[%d]\"%(dt,HZ))\n",
    "print (\"body_names:\\n%s\"%(body_names))\n",
    "print (\"ee_name         :%s\"%(ee_name))\n",
    "print (\"\")\n",
    "print (\"n_joint         : [%d]\"%(n_joint))\n",
    "print (\"joint_names     : %s\"%(joint_names))\n",
    "print (\"joint_types     : %s\"%(joint_types))\n",
    "print (\"n_rev_joint     : [%d]\"%(n_rev_joint))\n",
    "print (\"rev_joint_idxs  : %s\"%(rev_joint_idxs))\n",
    "print (\"rev_joint_names : %s\"%(rev_joint_names))\n",
    "print (\"grp_joint_idxs  : %s\"%(grp_joint_idxs))\n",
    "print (\"grp_joint_names : %s\"%(grp_joint_names))\n",
    "print (\"\")\n",
    "print (\"joint_range:\\n%s\"%(joint_range))\n",
    "print (\"torque_range:\\n%s\"%(torque_range))\n",
    "print (\"torque_range:\\n%s\"%(torque_range))"
   ]
  },
  {
   "cell_type": "code",
   "execution_count": 3,
   "id": "1dbae901",
   "metadata": {},
   "outputs": [
    {
     "name": "stdout",
     "output_type": "stream",
     "text": [
      "Done.\n"
     ]
    }
   ],
   "source": [
    "def open_gripper(): sim.data.ctrl[grp_joint_idxs] = np.array([0.04,-0.04])\n",
    "def close_gripper(): sim.data.ctrl[grp_joint_idxs] = np.array([0.00,-0.00])\n",
    "print (\"Done.\")"
   ]
  },
  {
   "cell_type": "markdown",
   "id": "0db35697",
   "metadata": {},
   "source": [
    "### Joint PID control"
   ]
  },
  {
   "cell_type": "code",
   "execution_count": 8,
   "id": "1dddfc13",
   "metadata": {},
   "outputs": [
    {
     "name": "stdout",
     "output_type": "stream",
     "text": [
      "Creating window glfw\n",
      "sec_wall:[0.000]sec, sec_sim:[0.000]sec\n",
      "q_curr:  [0. 0. 0. 0. 0. 0. 0.]\n",
      "p_EE:    [0. 0. 0.]\n",
      "R_EE:   \n",
      "[[0. 0. 0.]\n",
      " [0. 0. 0.]\n",
      " [0. 0. 0.]]\n",
      "T_EE:   \n",
      "[[0. 0. 0. 0.]\n",
      " [0. 0. 0. 0.]\n",
      " [0. 0. 0. 0.]\n",
      " [0. 0. 0. 1.]]\n",
      "J_p_EE: \n",
      "[[0. 0. 0. 0. 0. 0. 0.]\n",
      " [0. 0. 0. 0. 0. 0. 0.]\n",
      " [0. 0. 0. 0. 0. 0. 0.]]\n",
      "J_R_EE: \n",
      "[[0. 0. 0. 0. 0. 0. 0.]\n",
      " [0. 0. 0. 0. 0. 0. 0.]\n",
      " [0. 0. 0. 0. 0. 0. 0.]]\n",
      "J_full_EE: \n",
      "[[0. 0. 0. 0. 0. 0. 0.]\n",
      " [0. 0. 0. 0. 0. 0. 0.]\n",
      " [0. 0. 0. 0. 0. 0. 0.]\n",
      " [0. 0. 0. 0. 0. 0. 0.]\n",
      " [0. 0. 0. 0. 0. 0. 0.]\n",
      " [0. 0. 0. 0. 0. 0. 0.]]\n",
      "\n",
      "sec_wall:[0.917]sec, sec_sim:[1.000]sec\n",
      "q_curr:  [-1.66e-05  5.68e-02 -2.06e-05 -1.60e+00 -3.62e-05  1.56e+00 -4.61e-04]\n",
      "p_EE:    [ 5.57e-01 -2.82e-05  1.40e+00]\n",
      "R_EE:   \n",
      "[[-7.04e-01  7.03e-01 -1.00e-01]\n",
      " [ 7.06e-01  7.08e-01 -3.40e-05]\n",
      " [ 7.07e-02 -7.07e-02 -9.95e-01]]\n",
      "T_EE:   \n",
      "[[-7.04e-01  7.03e-01 -1.00e-01  5.57e-01]\n",
      " [ 7.06e-01  7.08e-01 -3.40e-05 -2.82e-05]\n",
      " [ 7.07e-02 -7.07e-02 -9.95e-01  1.40e+00]\n",
      " [ 0.00e+00  0.00e+00  0.00e+00  1.00e+00]]\n",
      "J_p_EE: \n",
      "[[ 2.82e-05  1.49e-01  2.80e-05  1.62e-01  7.03e-06  2.11e-01 -2.37e-19]\n",
      " [ 5.57e-01 -2.49e-06  5.48e-01 -5.52e-06  2.05e-01 -4.73e-06 -5.55e-17]\n",
      " [-0.00e+00 -5.57e-01 -1.07e-06  4.57e-01 -7.70e-06  6.72e-02  2.71e-20]]\n",
      "J_R_EE: \n",
      "[[ 2.82e-05  1.49e-01  2.80e-05  1.62e-01  7.03e-06  2.11e-01 -2.37e-19]\n",
      " [ 5.57e-01 -2.49e-06  5.48e-01 -5.52e-06  2.05e-01 -4.73e-06 -5.55e-17]\n",
      " [-0.00e+00 -5.57e-01 -1.07e-06  4.57e-01 -7.70e-06  6.72e-02  2.71e-20]]\n",
      "J_full_EE: \n",
      "[[ 2.82e-05  1.49e-01  2.80e-05  1.62e-01  7.03e-06  2.11e-01 -2.37e-19]\n",
      " [ 5.57e-01 -2.49e-06  5.48e-01 -5.52e-06  2.05e-01 -4.73e-06 -5.55e-17]\n",
      " [-0.00e+00 -5.57e-01 -1.07e-06  4.57e-01 -7.70e-06  6.72e-02  2.71e-20]\n",
      " [ 0.00e+00  1.67e-05  5.68e-02 -3.75e-05  9.96e-01 -3.43e-05 -1.00e-01]\n",
      " [ 0.00e+00  1.00e+00 -9.50e-07 -1.00e+00 -3.74e-05 -1.00e+00 -3.40e-05]\n",
      " [ 1.00e+00  0.00e+00  9.98e-01  1.18e-06 -8.53e-02  3.76e-05 -9.95e-01]]\n",
      "\n",
      "sec_wall:[1.915]sec, sec_sim:[2.000]sec\n",
      "q_curr:  [-1.28e-07  5.48e-02 -1.59e-07 -1.61e+00  3.06e-08  1.57e+00 -3.05e-06]\n",
      "p_EE:    [ 5.58e-01 -1.55e-07  1.40e+00]\n",
      "R_EE:   \n",
      "[[-7.04e-01  7.03e-01 -9.72e-02]\n",
      " [ 7.07e-01  7.07e-01  4.84e-08]\n",
      " [ 6.88e-02 -6.87e-02 -9.95e-01]]\n",
      "T_EE:   \n",
      "[[-7.04e-01  7.03e-01 -9.72e-02  5.58e-01]\n",
      " [ 7.07e-01  7.07e-01  4.84e-08 -1.55e-07]\n",
      " [ 6.88e-02 -6.87e-02 -9.95e-01  1.40e+00]\n",
      " [ 0.00e+00  0.00e+00  0.00e+00  1.00e+00]]\n",
      "J_p_EE: \n",
      "[[ 1.55e-07  1.46e-01  1.53e-07  1.65e-01  5.97e-08  2.11e-01 -1.51e-18]\n",
      " [ 5.58e-01 -1.89e-08  5.49e-01 -4.38e-08  2.04e-01 -6.32e-08  0.00e+00]\n",
      " [-0.00e+00 -5.58e-01 -4.52e-09  4.58e-01  4.08e-09  6.78e-02  1.47e-19]]\n",
      "J_R_EE: \n",
      "[[ 1.55e-07  1.46e-01  1.53e-07  1.65e-01  5.97e-08  2.11e-01 -1.51e-18]\n",
      " [ 5.58e-01 -1.89e-08  5.49e-01 -4.38e-08  2.04e-01 -6.32e-08  0.00e+00]\n",
      " [-0.00e+00 -5.58e-01 -4.52e-09  4.58e-01  4.08e-09  6.78e-02  1.47e-19]]\n",
      "J_full_EE: \n",
      "[[ 1.55e-07  1.46e-01  1.53e-07  1.65e-01  5.97e-08  2.11e-01 -1.51e-18]\n",
      " [ 5.58e-01 -1.89e-08  5.49e-01 -4.38e-08  2.04e-01 -6.32e-08  0.00e+00]\n",
      " [-0.00e+00 -5.58e-01 -4.52e-09  4.58e-01  4.08e-09  6.78e-02  1.47e-19]\n",
      " [ 0.00e+00  1.29e-07  5.48e-02 -2.90e-07  9.96e-01 -2.93e-07 -9.72e-02]\n",
      " [ 0.00e+00  1.00e+00 -7.09e-09 -1.00e+00 -2.90e-07 -1.00e+00  4.84e-08]\n",
      " [ 1.00e+00  0.00e+00  9.98e-01  8.82e-09 -9.32e-02 -2.00e-08 -9.95e-01]]\n",
      "\n",
      "sec_wall:[2.984]sec, sec_sim:[3.000]sec\n",
      "q_curr:  [-2.50e-09  5.48e-02  7.39e-09 -1.61e+00  1.86e-07  1.57e+00 -3.83e-08]\n",
      "p_EE:    [5.58e-01 3.78e-08 1.40e+00]\n",
      "R_EE:   \n",
      "[[-7.04e-01  7.03e-01 -9.72e-02]\n",
      " [ 7.07e-01  7.07e-01  1.86e-07]\n",
      " [ 6.88e-02 -6.87e-02 -9.95e-01]]\n",
      "T_EE:   \n",
      "[[-7.04e-01  7.03e-01 -9.72e-02  5.58e-01]\n",
      " [ 7.07e-01  7.07e-01  1.86e-07  3.78e-08]\n",
      " [ 6.88e-02 -6.87e-02 -9.95e-01  1.40e+00]\n",
      " [ 0.00e+00  0.00e+00  0.00e+00  1.00e+00]]\n",
      "J_p_EE: \n",
      "[[-3.78e-08  1.46e-01 -3.78e-08  1.65e-01  3.53e-09  2.11e-01 -6.94e-21]\n",
      " [ 5.58e-01  0.00e+00  5.49e-01  0.00e+00  2.04e-01 -1.62e-08  1.11e-16]\n",
      " [ 0.00e+00 -5.58e-01  2.07e-09  4.58e-01  3.77e-08  6.78e-02  6.88e-22]]\n",
      "J_R_EE: \n",
      "[[-3.78e-08  1.46e-01 -3.78e-08  1.65e-01  3.53e-09  2.11e-01 -6.94e-21]\n",
      " [ 5.58e-01  0.00e+00  5.49e-01  0.00e+00  2.04e-01 -1.62e-08  1.11e-16]\n",
      " [ 0.00e+00 -5.58e-01  2.07e-09  4.58e-01  3.77e-08  6.78e-02  6.88e-22]]\n",
      "J_full_EE: \n",
      "[[-3.78e-08  1.46e-01 -3.78e-08  1.65e-01  3.53e-09  2.11e-01 -6.94e-21]\n",
      " [ 5.58e-01  0.00e+00  5.49e-01  0.00e+00  2.04e-01 -1.62e-08  1.11e-16]\n",
      " [ 0.00e+00 -5.58e-01  2.07e-09  4.58e-01  3.77e-08  6.78e-02  6.88e-22]\n",
      " [ 0.00e+00  0.00e+00  5.48e-02  0.00e+00  9.96e-01 -1.73e-08 -9.72e-02]\n",
      " [ 0.00e+00  1.00e+00  0.00e+00 -1.00e+00  0.00e+00 -1.00e+00  1.86e-07]\n",
      " [ 1.00e+00  0.00e+00  9.98e-01  0.00e+00 -9.33e-02 -1.85e-07 -9.95e-01]]\n",
      "\n",
      "sec_wall:[3.992]sec, sec_sim:[4.000]sec\n",
      "q_curr:  [-8.31e-09  5.48e-02  3.09e-09 -1.61e+00  1.97e-07  1.57e+00 -1.94e-08]\n",
      "p_EE:    [5.58e-01 4.01e-08 1.40e+00]\n",
      "R_EE:   \n",
      "[[-7.04e-01  7.03e-01 -9.72e-02]\n",
      " [ 7.07e-01  7.07e-01  1.97e-07]\n",
      " [ 6.88e-02 -6.87e-02 -9.95e-01]]\n",
      "T_EE:   \n",
      "[[-7.04e-01  7.03e-01 -9.72e-02  5.58e-01]\n",
      " [ 7.07e-01  7.07e-01  1.97e-07  4.01e-08]\n",
      " [ 6.88e-02 -6.87e-02 -9.95e-01  1.40e+00]\n",
      " [ 0.00e+00  0.00e+00  0.00e+00  1.00e+00]]\n",
      "J_p_EE: \n",
      "[[-4.01e-08  1.46e-01 -4.00e-08  1.65e-01  3.74e-09  2.11e-01  5.97e-19]\n",
      " [ 5.58e-01  0.00e+00  5.49e-01  0.00e+00  2.04e-01 -1.71e-08 -1.11e-16]\n",
      " [ 0.00e+00 -5.58e-01  2.19e-09  4.58e-01  3.99e-08  6.78e-02 -5.83e-20]]\n",
      "J_R_EE: \n",
      "[[-4.01e-08  1.46e-01 -4.00e-08  1.65e-01  3.74e-09  2.11e-01  5.97e-19]\n",
      " [ 5.58e-01  0.00e+00  5.49e-01  0.00e+00  2.04e-01 -1.71e-08 -1.11e-16]\n",
      " [ 0.00e+00 -5.58e-01  2.19e-09  4.58e-01  3.99e-08  6.78e-02 -5.83e-20]]\n",
      "J_full_EE: \n",
      "[[-4.01e-08  1.46e-01 -4.00e-08  1.65e-01  3.74e-09  2.11e-01  5.97e-19]\n",
      " [ 5.58e-01  0.00e+00  5.49e-01  0.00e+00  2.04e-01 -1.71e-08 -1.11e-16]\n",
      " [ 0.00e+00 -5.58e-01  2.19e-09  4.58e-01  3.99e-08  6.78e-02 -5.83e-20]\n",
      " [ 0.00e+00  0.00e+00  5.48e-02  0.00e+00  9.96e-01 -1.83e-08 -9.72e-02]\n",
      " [ 0.00e+00  1.00e+00  0.00e+00 -1.00e+00  0.00e+00 -1.00e+00  1.97e-07]\n",
      " [ 1.00e+00  0.00e+00  9.98e-01  0.00e+00 -9.33e-02 -1.96e-07 -9.95e-01]]\n",
      "\n",
      "sec_wall:[4.985]sec, sec_sim:[5.000]sec\n",
      "q_curr:  [ 1.59e-09  5.48e-02  1.00e-08 -1.61e+00  1.54e-07  1.57e+00 -1.51e-08]\n",
      "p_EE:    [5.58e-01 3.14e-08 1.40e+00]\n",
      "R_EE:   \n",
      "[[-7.04e-01  7.03e-01 -9.72e-02]\n",
      " [ 7.07e-01  7.07e-01  1.54e-07]\n",
      " [ 6.88e-02 -6.87e-02 -9.95e-01]]\n",
      "T_EE:   \n",
      "[[-7.04e-01  7.03e-01 -9.72e-02  5.58e-01]\n",
      " [ 7.07e-01  7.07e-01  1.54e-07  3.14e-08]\n",
      " [ 6.88e-02 -6.87e-02 -9.95e-01  1.40e+00]\n",
      " [ 0.00e+00  0.00e+00  0.00e+00  1.00e+00]]\n",
      "J_p_EE: \n",
      "[[-3.14e-08  1.46e-01 -3.14e-08  1.65e-01  2.93e-09  2.11e-01 -8.62e-20]\n",
      " [ 5.58e-01  0.00e+00  5.49e-01  0.00e+00  2.04e-01 -1.34e-08 -5.55e-17]\n",
      " [ 0.00e+00 -5.58e-01  1.72e-09  4.58e-01  3.13e-08  6.78e-02  8.42e-21]]\n",
      "J_R_EE: \n",
      "[[-3.14e-08  1.46e-01 -3.14e-08  1.65e-01  2.93e-09  2.11e-01 -8.62e-20]\n",
      " [ 5.58e-01  0.00e+00  5.49e-01  0.00e+00  2.04e-01 -1.34e-08 -5.55e-17]\n",
      " [ 0.00e+00 -5.58e-01  1.72e-09  4.58e-01  3.13e-08  6.78e-02  8.42e-21]]\n",
      "J_full_EE: \n",
      "[[-3.14e-08  1.46e-01 -3.14e-08  1.65e-01  2.93e-09  2.11e-01 -8.62e-20]\n",
      " [ 5.58e-01  0.00e+00  5.49e-01  0.00e+00  2.04e-01 -1.34e-08 -5.55e-17]\n",
      " [ 0.00e+00 -5.58e-01  1.72e-09  4.58e-01  3.13e-08  6.78e-02  8.42e-21]\n",
      " [ 0.00e+00  0.00e+00  5.48e-02  0.00e+00  9.96e-01 -1.44e-08 -9.72e-02]\n",
      " [ 0.00e+00  1.00e+00  0.00e+00 -1.00e+00  0.00e+00 -1.00e+00  1.54e-07]\n",
      " [ 1.00e+00  0.00e+00  9.98e-01  0.00e+00 -9.33e-02 -1.54e-07 -9.95e-01]]\n",
      "\n",
      "sec_wall:[5.980]sec, sec_sim:[6.000]sec\n",
      "q_curr:  [ 3.00e-09  5.48e-02  1.57e-08 -1.61e+00  2.29e-07  1.57e+00 -2.20e-08]\n",
      "p_EE:    [5.58e-01 4.66e-08 1.40e+00]\n",
      "R_EE:   \n",
      "[[-7.04e-01  7.03e-01 -9.72e-02]\n",
      " [ 7.07e-01  7.07e-01  2.29e-07]\n",
      " [ 6.88e-02 -6.87e-02 -9.95e-01]]\n",
      "T_EE:   \n",
      "[[-7.04e-01  7.03e-01 -9.72e-02  5.58e-01]\n",
      " [ 7.07e-01  7.07e-01  2.29e-07  4.66e-08]\n",
      " [ 6.88e-02 -6.87e-02 -9.95e-01  1.40e+00]\n",
      " [ 0.00e+00  0.00e+00  0.00e+00  1.00e+00]]\n",
      "J_p_EE: \n",
      "[[-4.66e-08  1.46e-01 -4.65e-08  1.65e-01  4.35e-09  2.11e-01 -6.49e-19]\n",
      " [ 5.58e-01  0.00e+00  5.49e-01  0.00e+00  2.04e-01 -1.99e-08  1.11e-16]\n",
      " [ 0.00e+00 -5.58e-01  2.55e-09  4.58e-01  4.64e-08  6.78e-02  6.34e-20]]\n",
      "J_R_EE: \n",
      "[[-4.66e-08  1.46e-01 -4.65e-08  1.65e-01  4.35e-09  2.11e-01 -6.49e-19]\n",
      " [ 5.58e-01  0.00e+00  5.49e-01  0.00e+00  2.04e-01 -1.99e-08  1.11e-16]\n",
      " [ 0.00e+00 -5.58e-01  2.55e-09  4.58e-01  4.64e-08  6.78e-02  6.34e-20]]\n",
      "J_full_EE: \n",
      "[[-4.66e-08  1.46e-01 -4.65e-08  1.65e-01  4.35e-09  2.11e-01 -6.49e-19]\n",
      " [ 5.58e-01  0.00e+00  5.49e-01  0.00e+00  2.04e-01 -1.99e-08  1.11e-16]\n",
      " [ 0.00e+00 -5.58e-01  2.55e-09  4.58e-01  4.64e-08  6.78e-02  6.34e-20]\n",
      " [ 0.00e+00  0.00e+00  5.48e-02  0.00e+00  9.96e-01 -2.13e-08 -9.72e-02]\n",
      " [ 0.00e+00  1.00e+00  0.00e+00 -1.00e+00  0.00e+00 -1.00e+00  2.29e-07]\n",
      " [ 1.00e+00  0.00e+00  9.98e-01  0.00e+00 -9.33e-02 -2.28e-07 -9.95e-01]]\n",
      "\n"
     ]
    },
    {
     "name": "stdout",
     "output_type": "stream",
     "text": [
      "sec_wall:[6.996]sec, sec_sim:[7.000]sec\n",
      "q_curr:  [ 1.37e-11  5.48e-02  1.24e-08 -1.61e+00  2.25e-07  1.57e+00 -2.20e-08]\n",
      "p_EE:    [5.58e-01 4.58e-08 1.40e+00]\n",
      "R_EE:   \n",
      "[[-7.04e-01  7.03e-01 -9.72e-02]\n",
      " [ 7.07e-01  7.07e-01  2.25e-07]\n",
      " [ 6.88e-02 -6.87e-02 -9.95e-01]]\n",
      "T_EE:   \n",
      "[[-7.04e-01  7.03e-01 -9.72e-02  5.58e-01]\n",
      " [ 7.07e-01  7.07e-01  2.25e-07  4.58e-08]\n",
      " [ 6.88e-02 -6.87e-02 -9.95e-01  1.40e+00]\n",
      " [ 0.00e+00  0.00e+00  0.00e+00  1.00e+00]]\n",
      "J_p_EE: \n",
      "[[-4.58e-08  1.46e-01 -4.57e-08  1.65e-01  4.27e-09  2.11e-01  1.76e-19]\n",
      " [ 5.58e-01  0.00e+00  5.49e-01  0.00e+00  2.04e-01 -1.96e-08  0.00e+00]\n",
      " [ 0.00e+00 -5.58e-01  2.51e-09  4.58e-01  4.56e-08  6.78e-02 -1.72e-20]]\n",
      "J_R_EE: \n",
      "[[-4.58e-08  1.46e-01 -4.57e-08  1.65e-01  4.27e-09  2.11e-01  1.76e-19]\n",
      " [ 5.58e-01  0.00e+00  5.49e-01  0.00e+00  2.04e-01 -1.96e-08  0.00e+00]\n",
      " [ 0.00e+00 -5.58e-01  2.51e-09  4.58e-01  4.56e-08  6.78e-02 -1.72e-20]]\n",
      "J_full_EE: \n",
      "[[-4.58e-08  1.46e-01 -4.57e-08  1.65e-01  4.27e-09  2.11e-01  1.76e-19]\n",
      " [ 5.58e-01  0.00e+00  5.49e-01  0.00e+00  2.04e-01 -1.96e-08  0.00e+00]\n",
      " [ 0.00e+00 -5.58e-01  2.51e-09  4.58e-01  4.56e-08  6.78e-02 -1.72e-20]\n",
      " [ 0.00e+00  0.00e+00  5.48e-02  0.00e+00  9.96e-01 -2.10e-08 -9.72e-02]\n",
      " [ 0.00e+00  1.00e+00  0.00e+00 -1.00e+00  0.00e+00 -1.00e+00  2.25e-07]\n",
      " [ 1.00e+00  0.00e+00  9.98e-01  0.00e+00 -9.33e-02 -2.24e-07 -9.95e-01]]\n",
      "\n",
      "sec_wall:[7.998]sec, sec_sim:[8.000]sec\n",
      "q_curr:  [ 5.98e-12  5.48e-02  1.24e-08 -1.61e+00  2.25e-07  1.57e+00 -2.20e-08]\n",
      "p_EE:    [5.58e-01 4.58e-08 1.40e+00]\n",
      "R_EE:   \n",
      "[[-7.04e-01  7.03e-01 -9.72e-02]\n",
      " [ 7.07e-01  7.07e-01  2.25e-07]\n",
      " [ 6.88e-02 -6.87e-02 -9.95e-01]]\n",
      "T_EE:   \n",
      "[[-7.04e-01  7.03e-01 -9.72e-02  5.58e-01]\n",
      " [ 7.07e-01  7.07e-01  2.25e-07  4.58e-08]\n",
      " [ 6.88e-02 -6.87e-02 -9.95e-01  1.40e+00]\n",
      " [ 0.00e+00  0.00e+00  0.00e+00  1.00e+00]]\n",
      "J_p_EE: \n",
      "[[-4.58e-08  1.46e-01 -4.57e-08  1.65e-01  4.27e-09  2.11e-01  2.17e-19]\n",
      " [ 5.58e-01  0.00e+00  5.49e-01  0.00e+00  2.04e-01 -1.96e-08 -5.55e-17]\n",
      " [ 0.00e+00 -5.58e-01  2.51e-09  4.58e-01  4.56e-08  6.78e-02 -2.11e-20]]\n",
      "J_R_EE: \n",
      "[[-4.58e-08  1.46e-01 -4.57e-08  1.65e-01  4.27e-09  2.11e-01  2.17e-19]\n",
      " [ 5.58e-01  0.00e+00  5.49e-01  0.00e+00  2.04e-01 -1.96e-08 -5.55e-17]\n",
      " [ 0.00e+00 -5.58e-01  2.51e-09  4.58e-01  4.56e-08  6.78e-02 -2.11e-20]]\n",
      "J_full_EE: \n",
      "[[-4.58e-08  1.46e-01 -4.57e-08  1.65e-01  4.27e-09  2.11e-01  2.17e-19]\n",
      " [ 5.58e-01  0.00e+00  5.49e-01  0.00e+00  2.04e-01 -1.96e-08 -5.55e-17]\n",
      " [ 0.00e+00 -5.58e-01  2.51e-09  4.58e-01  4.56e-08  6.78e-02 -2.11e-20]\n",
      " [ 0.00e+00  0.00e+00  5.48e-02  0.00e+00  9.96e-01 -2.09e-08 -9.72e-02]\n",
      " [ 0.00e+00  1.00e+00  0.00e+00 -1.00e+00  0.00e+00 -1.00e+00  2.25e-07]\n",
      " [ 1.00e+00  0.00e+00  9.98e-01  0.00e+00 -9.33e-02 -2.24e-07 -9.95e-01]]\n",
      "\n",
      "sec_wall:[8.990]sec, sec_sim:[9.000]sec\n",
      "q_curr:  [ 2.49e-12  5.48e-02  1.23e-08 -1.61e+00  2.24e-07  1.57e+00 -2.20e-08]\n",
      "p_EE:    [5.58e-01 4.57e-08 1.40e+00]\n",
      "R_EE:   \n",
      "[[-7.04e-01  7.03e-01 -9.72e-02]\n",
      " [ 7.07e-01  7.07e-01  2.24e-07]\n",
      " [ 6.88e-02 -6.87e-02 -9.95e-01]]\n",
      "T_EE:   \n",
      "[[-7.04e-01  7.03e-01 -9.72e-02  5.58e-01]\n",
      " [ 7.07e-01  7.07e-01  2.24e-07  4.57e-08]\n",
      " [ 6.88e-02 -6.87e-02 -9.95e-01  1.40e+00]\n",
      " [ 0.00e+00  0.00e+00  0.00e+00  1.00e+00]]\n",
      "J_p_EE: \n",
      "[[-4.57e-08  1.46e-01 -4.57e-08  1.65e-01  4.27e-09  2.11e-01  1.22e-18]\n",
      " [ 5.58e-01  0.00e+00  5.49e-01  0.00e+00  2.04e-01 -1.96e-08 -5.55e-17]\n",
      " [ 0.00e+00 -5.58e-01  2.51e-09  4.58e-01  4.55e-08  6.78e-02 -1.20e-19]]\n",
      "J_R_EE: \n",
      "[[-4.57e-08  1.46e-01 -4.57e-08  1.65e-01  4.27e-09  2.11e-01  1.22e-18]\n",
      " [ 5.58e-01  0.00e+00  5.49e-01  0.00e+00  2.04e-01 -1.96e-08 -5.55e-17]\n",
      " [ 0.00e+00 -5.58e-01  2.51e-09  4.58e-01  4.55e-08  6.78e-02 -1.20e-19]]\n",
      "J_full_EE: \n",
      "[[-4.57e-08  1.46e-01 -4.57e-08  1.65e-01  4.27e-09  2.11e-01  1.22e-18]\n",
      " [ 5.58e-01  0.00e+00  5.49e-01  0.00e+00  2.04e-01 -1.96e-08 -5.55e-17]\n",
      " [ 0.00e+00 -5.58e-01  2.51e-09  4.58e-01  4.55e-08  6.78e-02 -1.20e-19]\n",
      " [ 0.00e+00  0.00e+00  5.48e-02  0.00e+00  9.96e-01 -2.09e-08 -9.72e-02]\n",
      " [ 0.00e+00  1.00e+00  0.00e+00 -1.00e+00  0.00e+00 -1.00e+00  2.24e-07]\n",
      " [ 1.00e+00  0.00e+00  9.98e-01  0.00e+00 -9.33e-02 -2.23e-07 -9.95e-01]]\n",
      "\n",
      "sec_wall:[9.980]sec, sec_sim:[10.000]sec\n",
      "q_curr:  [ 1.04e-12  5.48e-02  1.23e-08 -1.61e+00  2.24e-07  1.57e+00 -2.20e-08]\n",
      "p_EE:    [5.58e-01 4.57e-08 1.40e+00]\n",
      "R_EE:   \n",
      "[[-7.04e-01  7.03e-01 -9.72e-02]\n",
      " [ 7.07e-01  7.07e-01  2.24e-07]\n",
      " [ 6.88e-02 -6.87e-02 -9.95e-01]]\n",
      "T_EE:   \n",
      "[[-7.04e-01  7.03e-01 -9.72e-02  5.58e-01]\n",
      " [ 7.07e-01  7.07e-01  2.24e-07  4.57e-08]\n",
      " [ 6.88e-02 -6.87e-02 -9.95e-01  1.40e+00]\n",
      " [ 0.00e+00  0.00e+00  0.00e+00  1.00e+00]]\n",
      "J_p_EE: \n",
      "[[-4.57e-08  1.46e-01 -4.57e-08  1.65e-01  4.27e-09  2.11e-01  7.33e-20]\n",
      " [ 5.58e-01  0.00e+00  5.49e-01  0.00e+00  2.04e-01 -1.96e-08 -5.55e-17]\n",
      " [ 0.00e+00 -5.58e-01  2.50e-09  4.58e-01  4.55e-08  6.78e-02 -7.17e-21]]\n",
      "J_R_EE: \n",
      "[[-4.57e-08  1.46e-01 -4.57e-08  1.65e-01  4.27e-09  2.11e-01  7.33e-20]\n",
      " [ 5.58e-01  0.00e+00  5.49e-01  0.00e+00  2.04e-01 -1.96e-08 -5.55e-17]\n",
      " [ 0.00e+00 -5.58e-01  2.50e-09  4.58e-01  4.55e-08  6.78e-02 -7.17e-21]]\n",
      "J_full_EE: \n",
      "[[-4.57e-08  1.46e-01 -4.57e-08  1.65e-01  4.27e-09  2.11e-01  7.33e-20]\n",
      " [ 5.58e-01  0.00e+00  5.49e-01  0.00e+00  2.04e-01 -1.96e-08 -5.55e-17]\n",
      " [ 0.00e+00 -5.58e-01  2.50e-09  4.58e-01  4.55e-08  6.78e-02 -7.17e-21]\n",
      " [ 0.00e+00  0.00e+00  5.48e-02  0.00e+00  9.96e-01 -2.09e-08 -9.72e-02]\n",
      " [ 0.00e+00  1.00e+00  0.00e+00 -1.00e+00  0.00e+00 -1.00e+00  2.24e-07]\n",
      " [ 1.00e+00  0.00e+00  9.98e-01  0.00e+00 -9.33e-02 -2.23e-07 -9.95e-01]]\n",
      "\n",
      "Done.\n"
     ]
    }
   ],
   "source": [
    "# Set viewer\n",
    "glfw.terminate() # terminate before initialize\n",
    "glfw.init()      # initialize glfw\n",
    "viewer   = mujoco_py.MjViewer(sim)\n",
    "glfw.set_window_size(window = viewer.window,\n",
    "                     width  = int(0.5*get_monitors()[0].width),\n",
    "                     height = int(0.5*get_monitors()[0].height))\n",
    "# PID controller\n",
    "PID = PID_ControllerClass(\n",
    "    name    = 'PID',\n",
    "    k_p     = 500.0,\n",
    "    k_i     = 0.0,\n",
    "    k_d     = 100.0, # <= D gain is super important\n",
    "    dim     = n_rev_joint,\n",
    "    out_min = torque_range[rev_joint_idxs,0],\n",
    "    out_max = torque_range[rev_joint_idxs,1],\n",
    "    ANTIWU  = True)\n",
    "# Desired position\n",
    "q_des = np.array([0,0,0,-90,0,90,0])*np.pi/180.0\n",
    "# Loop\n",
    "sim.reset() # reset sim\n",
    "tick,tic,max_sec = 0,time.time(),10.0\n",
    "q_curr_list  = np.zeros(shape=(int(HZ*max_sec)+1,PID.dim))\n",
    "q_des_list   = np.zeros(shape=(int(HZ*max_sec)+1,PID.dim))\n",
    "sec_sim_list = np.zeros(shape=(int(HZ*max_sec)+1))\n",
    "torque_list  = np.zeros(shape=(int(HZ*max_sec)+1,PID.dim))\n",
    "while True:\n",
    "    # Current state\n",
    "    sec_wall  = time.time() - tic\n",
    "    sim_state = sim.get_state()\n",
    "    sec_sim   = sim_state.time\n",
    "    q_curr    = sim_state.qpos[rev_joint_idxs]\n",
    "    p_EE      = np.array(sim.data.body_xpos[sim.model.body_name2id(ee_name)])\n",
    "    R_EE      = np.array(sim.data.body_xmat[sim.model.body_name2id(ee_name)].reshape([3, 3]))\n",
    "    T_EE      = pr2T(p=p_EE,R=R_EE)\n",
    "    J_p_EE    = np.array(sim.data.get_body_jacp(ee_name).reshape((3, -1))[:,rev_qvel_idxs])\n",
    "    J_R_EE    = np.array(sim.data.get_body_jacr(ee_name).reshape((3, -1))[:,rev_qvel_idxs])\n",
    "    J_full_EE = np.array(np.vstack([J_p_EE,J_R_EE]))\n",
    "    # Print\n",
    "    VERBOSE = 3\n",
    "    if ((tick%HZ)==0):\n",
    "        if (VERBOSE>=1):\n",
    "            print (\"sec_wall:[%.3f]sec, sec_sim:[%.3f]sec\"%(sec_wall,sec_sim))\n",
    "        if (VERBOSE>=2):\n",
    "            print (\"q_curr:  %s\"%(q_curr))\n",
    "            print (\"p_EE:    %s\"%(p_EE))\n",
    "            print (\"R_EE:   \\n%s\"%(R_EE))\n",
    "            print (\"T_EE:   \\n%s\"%(T_EE))\n",
    "        if (VERBOSE>=3):\n",
    "            print (\"J_p_EE: \\n%s\"%(J_p_EE))\n",
    "            print (\"J_R_EE: \\n%s\"%(J_p_EE))\n",
    "            print (\"J_full_EE: \\n%s\"%(J_full_EE))\n",
    "            print (\"\")\n",
    "    # Control revolute joint\n",
    "    PID.update(x_trgt=q_des)\n",
    "    PID.update(t_curr=sec_sim,x_curr=q_curr,VERBOSE=False)\n",
    "    torque = PID.out()\n",
    "    sim.data.ctrl[rev_joint_idxs] = torque\n",
    "    # Control gripper\n",
    "    if sec_sim < 5.0: open_gripper()\n",
    "    else: close_gripper()\n",
    "    # Append\n",
    "    q_curr_list[tick,:] = q_curr\n",
    "    q_des_list[tick,:]  = q_des\n",
    "    sec_sim_list[tick]  = sec_sim\n",
    "    torque_list[tick,:] = torque\n",
    "    # Add marker\n",
    "    viewer.add_marker(pos   = p_EE,\n",
    "                      type  = 2, # mjtGeom: 2:sphere, 3:capsule, 6:box, 9:arrow\n",
    "                      size  = 0.02*np.ones(3),\n",
    "                      rgba  = np.array([0.0,1.0,0.0,1.0]),\n",
    "                      label = 'EE-Tip')\n",
    "    # Step\n",
    "    sim.step()\n",
    "    render_speedup = 1\n",
    "    if (sec_sim >= render_speedup*sec_wall): # wall-clock sync\n",
    "        viewer.render() \n",
    "    if (sec_sim >= max_sec): break\n",
    "    tick = tick + 1 # tick starts from 0\n",
    "print (\"Done.\")"
   ]
  },
  {
   "cell_type": "code",
   "execution_count": 9,
   "id": "0fd94ad9",
   "metadata": {},
   "outputs": [],
   "source": [
    "glfw.terminate() # terminate"
   ]
  },
  {
   "cell_type": "markdown",
   "id": "1d40e56b",
   "metadata": {},
   "source": [
    "### Plot PID tracking results"
   ]
  },
  {
   "cell_type": "code",
   "execution_count": 6,
   "id": "d0fc9ecf",
   "metadata": {},
   "outputs": [
    {
     "data": {
